74300348214 999999999991120119114311516 4112 304741057 30474  01 131122121001013200034321211121299901220020120002000010200000000000020020000020000000200000100001000000001100000000000000100 2 2 5 4 1 1 5 1 1 7 0  .33 1.53191213101310 2 0 24814  1.70
74301136214 2161399999931 6135112411112 2111 40874 609 40874  04 241222131222222311233411211112111200100100000010000001101010000001200022000121000000001200111100102220012100010000012000200 3 2 3 4 6 4 0 1 311 5  .47 1.3531 8 8 8 910 6 4 73327   .30
78272160212 999999999991399999112611113 2112 62678 200 62678  04 240314403334043310194451212999299900333300300300000000000000300004000003000000300400000000002000000304002400003000003000000 6 4 3 91110 0 0 3 4 6  .63 3.1118 0 0 0 0 311 410 028 -1.40
82096934214 3 8 7 4999911 6119113211214 1422122181 417122181  02 1413444342143443122446111111112999224333203433331223202333423000000000000000000000000000002423123233323444232343333321234231415211518121010101618 1.79 2.745810 8 7101112 5133541  -.30
82217347212 999999999991399919232611213 1112 603821100 60382  04 3423243333333333312445911129991919034433213410403202344441233041324131330123331334201033132234012322223333000443322221140131421172522 81210222223 2.20 2.5876 8 7 5121212 8133245  -.65
82300348212 119999999991399959332611503 1112120882 630120882  0112404344311443443313246211111121122333333444332303333034301413440313330333433342333323331423033340334333434300143303344141141822132324262911231730 2.65 2.9979 5 6 5111618 6162756 -1.45
82300361112 119999999991299941332611503 1112120882 630120882  01124041433124324423034355111112211122323210430003001003013032034002141304301330001030010304030230043333333040001323004403400019 921 82216 9 51814 6 1.65 2.72541113161911 8 4185941   .90
83050336214 118999999990118229114111122 8322 10483 500 10483  03 4343433404434444134446711111111111344444444412444423444224444044440144441424342444434244444444244444444444440444444444444442232323232203128283127 3.54 3.6686 0 0 0 212201016 258 -2.80
83052138214 1 59999999911 7134224411136 1311 10683 915 10683  01 132323223234224321302481111121222202121201122213011001232221100011301021000100012311101311233211113200331200103111201012113 6131516 8 8 2 3 91218 1.24 1.6766 910 910 913 6113839  -.05
83054340212 110999999991115219993711215 1212123182 720123182  03 142434222112341223223491112222222200320300200000000000110011100001001001011111010100000102001100001190001100011000013003420 0 2 4 5 5 7 1 1 610 6  .53 1.423314131314 5 510105430  1.20
83056325214 2 3 299999911 3119232811112 8311 10383 615 10383  21 130231222323114302333421111122222203331201210211103033402343010330000012003320003200031230033030303001323301002110001210020 5 91715 613 2181212 7 1.30 2.2352 7 8 7 911 9 6123138  -.35
83060347224 1169999999911 6119113712414 9512 112831000 11283  01 149344492002242220444471111121112111111101101111010010110101000011110191011100010100101101101000111100000100001110011001001 5 6 3 5 4 3 2 4 6 4 6  .54 1.0048 6 6 6 6 8 8 4 62426  -.10
83061330214 4 9 5 2 29911 9119213011113 1221 10283 213 10283  01 4424144042333442342446111211112222332444444331244344224444433403344330434201000324434313104444441134112344110032212240143311918192626292617171723 2.66 3.007910101010 91010104039   .05
83074336212 1 8999999991115219214011113 8312 10383 115 113832356 141924313212341311344501111111111202321211210111111111111122112124112111111211112211132110111111112211111301021122222211120 6111312 912 7101113 9 1.27 1.388210101011101010144144  -.15
83080350214 999999999991115244225311124 7523 12783 700 12783  02 130123230333223330233441111122111123334430442233234220342432310234423144334243211432033423133221420330234302034323432023432191719252621 919172627 2.53 2.818010101010151513144057  -.85
83081352214 118999999995131133116211312 8221 20283 850 20283  01 140212321012222123222361121221222203231100022021000000120001100110112032000110110200111000011000200001010001011110000010104 710 411 4 1 1 6 3 610  .71 1.504211 9 911 7 4 3 14015  1.25
83082030214 9999999999911 4144333911125 1111 31183 810 31183  43 044424434233333441223631111122222221432304431421332021144212142131123132311310123322132231241310324422343404243124324134440171621221823 521212020 2.29 2.468310 9 914151413184260  -.90
83088140214 999999999991122119334211115 4511 11383 230 11483 173 231222112221321111332361122222222212020130010000020020001100000131002011003300010100001300030003303100110100000001000010100 2 6 5 5 3 2 610 7 9 1  .63 1.7033 8 9 610 4 3 1 23310  1.15
83089327214 9999999999911 4119222711113 8312 20783 300 20783  01 121124230022323222333431112222222201322302220000011021120222100223111232012210001201020210130000103010131100142112211021230 3 61414 8 7 113 817 9 1.12 1.75571312121510 8 8 65232  1.00
83095331214 2 81099999911 1219112611212 1112 22083 110 22083  01 330423303112320230202361112222222201111100100020001000110010000002302042010200020300001001022021100200231100013011100002300 1 8 714 4 5 2 1 6 7 9  .72 1.6439 9 9 1 1 611 4 74028   .60
83097336214 117999999991115129223611214 1111 50282 830 223839993 0402042022133433300444311122222222123442013030340221344343302012211241430322000104121231321322123223122231110332322210123001219181819 9 915181416 1.88 2.267415151516 9 3 2 36117  2.20
83107136264 3 2 91499993112119113516314 1112 224831137 22483  01 020020020101002100011131111211222201219000020002200000200011000003100040001200001100000100011000001000010000002001200000202 0 1 813 0 0 0 1 211 5  .46 1.5826101110 9 5 8 4 44021   .95
83120339214 1 8999999991117119113711515 1111 50383 335 50383  139930213200101223200114321122222222202101200010023032011200110200020001222010220022211211310220101323000233000011001100010101 01014 813 5 4 6 813 3  .94 1.6850 910111110 9 4 84131   .50
83123328213 1 9999999992699945112611122 8392 315831030 31583  06 420224322212230220043381111222122200140112300000010000030231100001411042011000000201100220112100424100111400002001010023400 1 4 714 7 9 3 9 81112  .96 1.9344 9 9 4 8 6 6 3113026   .20
83125335214 41210 7 5991112246113311324 1112 30383 610 30383  21 040101000001020000001101121111111100000000000000000000000000000000000000000000000000000000000000100000000000000000000000000 0 0 0 0 0 0 0 1 0 0 0  .01 1.00 112151212 7 3 0 25112  1.95
83146349244 413259999990399959212914503 7522 414831236 41483  16 1304444341341444003445811122221212231321002330000203200232323233234230220011002323300230023113032223231211322332322200332201520101518 41215151317 1.73 2.3067 910 7 9 3 4 4 33514  1.05
83149350214 999999999991127241115411124 9211 22283 410 22283  01 020222123022122231012291112222222200120000020001000000010000000001000010000000000100000000000000000000000000000000000000000 0 0 2 4 0 0 0 0 0 3 1  .11 1.25 813131311 9 6 5 45024  1.30
83152322221 1 29999999946 0032112912402 1112 507839999 51783  01 020132022041330020444372112222122231413000110100000000110003000100110110010000000303111001340001301303110000000110000103100 7 810 9 3 3 4 6 5 4 5  .72 1.6838 91110111010 4 44128   .65
83154336214 213 49999991113119113411414 4112 30883 630 30883  01 132232231121331220231391121212122200110101110000011000110121100110012131001111001100020100221010202000122100041003201011210 1 51111 5 5 0 8 412 4  .74 1.384810101115 8 9 5 84630   .80
83174331224 2 6 199999931 3149112912313 8121 615831202 61683  11 131201221032221322203341111211121211220112221222323211132221100011301122121111000200021220210001300100001101020000000001212 5 8 810 6 6 610 71114 1.02 1.6057 91010 9 7 8 7 83830   .40
83175335214 2 6119999991112119333511115 1222 60283 530 60283  11 120114100014211020131341111212121200020002000001000000110000200000101022000000010200000000000001001000000100001000004000002 0 2 1 6 4 5 1 2 0 2 5  .31 1.561813101212 7 7 2 64722  1.25
83178333214 311 9 299991112119223211313 1912 62883 645 62883  11 022323322242242392241471112222222211441202230012223131110231100121302341122300000322131340242112403302123300022014001003400 11121181113 615121712 1.55 2.1664 7 9 9 91011 8 93438  -.20
83187334214 216139999991116119213711214 1421 71183 100 71183  01 330213212212123213143391111112222200211200100021011000102112100311001112011210011310011000121100100121211112001111100011220 5 81110 7 3 1 9 6 5 4  .78 1.335212111414121011 75140   .55
83192353264 999999999990132119115416116 4212 71283 830 71283  11 040424424224143442244601111122222211111101101111101011110001100111111011010100111100101111111100110111110110101101111001001 7 6 6 8 5 4 3 4 8 3 7  .68 1.006110 9 6 91413 6113444  -.50
83195331214 2 7109999991110119114811124 2312 627831232 62783  21 043202330000422302302351111211111114333404010024014013303430200422424033040303031200022330324112323000400100022131000012332 72318121010 615141717 1.67 2.57581211151313 5 5 95132   .95
83198327214 2 4 699999921 5144212511213 2222 71883 900 71883  01 032332230003333320042411112222222200101201330021024011213042000111002231003110010203041100131030111000200403012012012012100 3 715 8 818 0151011 3 1.10 1.885212 8131511 4 1 94825  1.15
83201342214 115999999993118145224111115 1911 726831130 72683  01 340444444304444040444631112222222203132300333131011111131121101031413043310110020410102210213311122311122310003121003003300 517 7171314 6 2151317 1.42 1.9166 5 7 811 911 8103138  -.35
83205331214 1 29999999931 6119112712212 2411 72682 100 72682  01 231012010010111212232241111111222202232213000012000011231112200110102012010100022210001010330101311002100101100121000000012 21512 8 8 3 3 9 6 3 9  .88 1.594915131213 9 3 6 75325  1.40
83206342214 9999999999921 8242333211114 2212 705831250 70583  01 240223310212121100043321111212111112040100111011011023313221101220001121000213212210221010330101200101111100000102110001324 7111211 7 3 4 810 813 1.06 1.62581313 91313 9 8 64836   .60
83210354214 117999999992125145225311126 5421 71983 110 71983  11 001222232022222321122351112222222200120101111120010010020001100101110111110110010100100111111200200121111200202100010002011 5 6 4 7 7 4 2 5 6 410  .67 1.20501311 91110 9 4 64429   .75
83211332213 2151599999926 4143333011212 2121 802831004 80283  04 241203301040030232002301122222222201332310210002013043121201100014133022120000010200020110220303310000002200010110001333430 510 7 81110 9121012 7 1.13 2.025010 8 9111011 4 83833   .25
83212369214 999999999990147159227111116 3212 81083 930 810833201 140444402042240420004441122222222202211000231010010010123000000001301141012001010200001100100100010001010000000000000001000 3 7 3 8 4 0 1 3 5 6 7  .53 1.4732 8161310 8 5 3 04716  1.55
83213143214 31821229999112314133461111699911 803831230 824834991 1324244322442342432446211122222222020413313320344424334433334043343240344433443414314144403441143314014414000042303310040441023162921162314232027 2.49 3.0074 7 6 6 7121513162656 -1.50
83214330234 2 3 79999991111119223013919 2191 80883 950 80883  099920043310242140224412411112222222200202022330323231001033323100323002031130300000304133013232000130202100003330001000020100 9111213 7 6 6141810 6 1.26 2.2949 91115 9 9 6 3 34421  1.15
83215333214 1 49999999911 3129223811126 2212 82783 113 82783  27 041434434314044444444671111211222204414442444044442444440444400444304044044404040404404440333303333404443301133044433033333 031232825161921272532 2.78 3.5370 9 711 7121311173453  -.95
83225328212 9999999999941 1145212611212 2122 831831215 83183  099940204200010022100043251111112222200323232100010111012100112201012010112102100001200110000010200203100111203010111111012000 2 3 91012 7 512 7 7 1  .08 1.475113111315 911 6115237   .75
83225352212 222269999992399935222612122 2222 831831215 83183  01 331223321023120120233361121212121201220100200000000000020100000001100000012001010200000000101110002001010200022000001001001 2 4 3 6 1 5 1 2 3 4 7  .43 1.4127 699 8 9 7 8 4 93128   .15
83230349224 120999999991124145115212115 1111 91683 121 91683  149942334433234344420344631121121111113423400122334111120431210300343413244323324043441244440244401413422322300104343331013104112324192413 617171929 2.27 2.7374 7 6 8 8161211102949 -1.00
83235341214 999999999993116142113711214 3111 80583 915 906837571 030202201002222012102241111221222202200201200021000000212021100100001032000001000202012010002001112101110210102010200002212 2 7 611 3 6 2 4 8 6 7  .70 1.514111111412 8 7 7104832   .80
83237137214 31511 799991115132224011315 2112 929831230 92983  21 243334421213342313333551111212222203111221302033131114000342300022004043034400032432203230242311333332133400023033322013444 32318202112 910221319 1.91 2.5866 7 711 7 710 7 83232   .00
83310337224 112999999995112142113512214 8112111382 150111382  23 020122232021922110101251112222222211234310123113111000121100100010111011111001010100100110011000100110110100000000010010001 5 5 7 8 8 6 3 3 2 410  .69 1.304714151514 7 6 6 75826  1.60
84005327214 9999999999931 5119112511212 1422101183 630101183  04 120202111024330100404301122222222204330400121000002032100001100004012022010000041303000010302021301100000300001000000030000 113 411 314 2 9 3 8 4  .81 2.1234 9 9 81211 6 5103832   .30
84008360214 999999999991138159115811116 6411 91683 300 91683  11 0402223201121121001333111111121221123132303243330310222124203001314120330303030133213032332143032112342112010333102000130041619141418 612 7181124 1.79 2.34681316151410 6 7 65829  1.45
84008338111 999999999992699931215811116 6292 91683 315 91683  11 044424432004141204044512112222122200400004400000000040000401000000009000002000000400040000030200000300000404000000004040000 0 4 7 5 2 8 022 4 0 3  .62 3.441613101516 71313125445   .45
84019367214 999999999993399959113511224 3112111383 400111383  03 342214211112130110144361112222222200110100000010010000000000000000300000000000000100000000010100000100000100000000000000000 0 1 2 2 2 2 0 0 0 0 4  .15 1.181115141215 6 4 1 25613  2.15
84024251214 999999999991133119225311316 1111111983 115111983  41 040224404044112412144481112222121211344431031111011111241143200131113333113311111111134111333131111311110100011111111101313 81217161312 810131316 1.55 1.7380 913 8 9101410 93943  -.20
84025339214 9999999999901 3329225411132 81921104839999110483  05 240324432022192323094411112222222202221110131020003010000021010021001023141101010202000101021110310410111100001110111000100 3 7 710 711 5 5 5 6 7  .82 1.494911111111111010104441   .15
84031329214 1119999999911 3242223111124 4213110483 745110483  01 421314410003040030004301111221222200400140430000000140032401100104000044200000000200000300130400400001020200442002023040011 2 6 9 911 8 513 514 7 1.00 2.543514 913 910 5 4 54524  1.05
84033335214 211129999991113144333711116 6212112883 630112983  81 130102000001000100042141121222121200010100000001001001110000100110000001010000000100000000011001100000120100000000000010200 0 0 3 6 5 3 2 3 2 3 1  .28 1.092317141818 8 4 0 56717  2.50
84039330254 1 29999999911 3119993315313 1391102983 115102983  04 210212200010011100043192222222222201100101100010000001110010000100100010001100000000001000011100201000010000000000001000100 0 2 3 3 1 2 0 5 4 3 2  .28 1.0424141314 9 5 3 0 150 9  2.05
84049338214 212189999991118119223711213 4211120983 900120983  03 241324434133232222233511112222222201310000021000000030010020900303200121012000010200000420212102203301110300014111030010103 1 6 9 8 4 3 311 01416  .84 1.8341 5 411 6 9 8 5 82630  -.20
84050126214 1 29999999911 5129222712213 21121223831151122383  11 122231201032332220243392211211222201112000220011021000332211200113333243101440023310111220143211112321243300020023401111410 713171815 7 3 5102212 1.45 1.9865 9 8 6121313 3123541  -.30
84050338212 210129999992499939992711913 21121213831150121383  04 240334320223344300314481121211111212101300110020022033100320202032303032022100120301312220232332123302113300203031121312101 219 810151312 8161012 1.40 2.026210 7131312 8 7114338   .25
84051342214 2 8129999991116144113911115 4321120983 755120983  11 030223212002232220013321121221222200221110111011000000120000000111101011110000000100110010100010100000100100000010001001000 0 4 4 4 2 2 3 3 3 3 5  .40 1.093315141215 8 5 3 75623  1.65
84087254122 999999999992299946113522123 1112 125741255 12584  24 142114401042140040044401121221122103020000100210000000020001000000201001002200010000001000100000000000000100000010001000010 2 8 0 3 1 2 0 2 4 0 5  .30 1.421913171520 4 4 6 36517  2.40
84053152213 122999999992399943112911133 14121217831235121783  01 320110012221330000002202221212222202233200002110001000010100000012101000000000010100101001120001000111000100001010000000100 3 9 4 4 3 4 2 0 2 3 6  .45 1.333012111114 3 3 1 54812  1.80
84055325214 3 8 5 1999911 6119222611122 2321122083 600122083  11 531022120031121310133302222222222231343210023011002010100220100033112032023120100200011101211120201001000100120010000010002 610 710 7 7 3 8 612 6  .92 1.7148 9 9 8 9 6 7 6 83527   .40
84066359162 229309999991299959111916101 2422 93083 530100183 135 144434430204444424444642112222222201441440431232111000113111240000001001220000200400000000144440000420141400042000404004040 9 712221023 6 0 8 812 1.31 2.5446 0 1 4 6 71616181157 -2.30
84076033214 9999999999931 7135223211314 2211 10684 820 10684  01 142224422222342220304481111111111202331301221121121000110231200243123133103310011321332110033110314400122302001122112033411 41215171412 3171516 9 1.53 1.9769 6 9 710 911 1 63227   .25
84079353214 999999999992134144116011214 8122 110841028 11084  02 120113211004021010023242112222222201210000122022010000210020100010100031010100010200012002110000100010110000001000000001102 3 5 8 7 3 0 1 3 6 5 7  .54 1.373512131212 7 9 3 34922  1.35
84084359214 999999999991117241116311126 2212 117841020 11784  02 0424244232342234403446011112122222442443233343344432434434423324334333442334443343333333433333224333234443100241344340033042226282828231521222531 3.02 3.2084 5 510 31817 7172359 -1.80
84086032214 2 2 59999992111119113311312 8322 105841029 10584  02 040344332044444322444621111111111204444414233444201000440432300044444244040313440303004040414233442400444400044044434024430122822272019 810212229 2.45 3.4164 9 5 8101015 9193253 -1.05
84087234124 31713 7999911 5246113522133 2112 12484 130 12484  23 020314331024242114244471112222222212032300222332001001033203120120302032200004010301002200021010010000000300023120003001034 812 413 516 0 1 9 622 1.08 2.134510111010 6 6 9124133   .40
84098029214 2 4 699999921 9132112811313 4122 12784 800 12784  04 030121110021233210101251111112222200021100000002000011020000003011221002003000000000000000100000103000001000020100000000000 3 2 2 2 4 1 3 5 2 6 4  .38 1.62211313141312 3 1 45320  1.65
84101036214 210 69999991111132113711414 1191 20884 520 20884  01 141222222102122221232371122222222201300200110002001010120010000011100011000110000100000100011000101111121200010000000011111 1 2 8 5 2 5 0 3 4 8 6  .49 1.193715131514 6 6 3 55720  1.85
84103221214 9999999999921 1119112311312 5222 21584 445 21584  01 03122433323223004302446111122111220022131034422201114212211320013433222302220013130002220030200131223222100002121100010112013141114 8 4 612141614 1.42 2.00631015101110 3 6 44623  1.15
84108330214 2 3 699999921 6119112811112 2111 12984 306 12984  01 140212102011222220242321121211121201212204120012011031122110110013101132121010110101000310121211410101000100001010001010400 3 8 8 6 8 9 313 414 6  .92 1.525411111014 9 5 2 74623  1.15
84110324214 1 39999999911 1242215111126 5112 11484 310 11484  33 5313233342433333433135721111222222112333212442232222233433333223344333444433432234333333343433334344344434232334344343434432221262724252123222932 3.06 3.0689 5 6 5 5141912162161 -2.00
84124352112 118999999993299959112611303 2112 31184 330 31184  01 14442442322324344144464111111111111213343034323302323324434331312242323311122321011110121122230221122223210011222101202211216181515181312 9151522 1.89 2.1080 7 5 5 91514 9122650 -1.20
84129060212 219229999993399919113011312 8221 30884 200 31884  04 220101100101330000043201122222122101110100000010000000000000000000000000000000000100000002111101000010000000110000100000102 3 3 2 4 1 1 1 0 1 2 2  .22 1.111813151310 7 6 5 65124  1.35
84129054112 219229999995299943113011312 8221 31884 200 31884  04 120102201131211101132251122222122101111110110010011001112100100010101011110000910301011110111110011111111101012111111001100 4 8 4 8 7 7 2 2 6 6 6  .67 1.075612131111 9 8 5 84730   .85
84130333294 2 8139999992112119223719213 3222 311841130 31384 401 030323310233332322313451212222222213132312211023431132230122211331333133112114021310111110123301423202332321004334342433114 71714241711 919141023 1.85 2.0680 6 5 5 51013 8152146 -1.25
84133941214 999999999992112246333811124 1212 32784 107 32784  13 040443414224442230402531111112121204234400410141021014341204401440034024011403044410104032343401333433333200004143243214023112817212610 61027 723 2.09 2.826610 8 810161213163657 -1.05
84133068212 999999999991399959223811124 1212 32784 107 32784  11 0232922910221212299922699999999999999999999999999999999999999999999999999999999999999999999999999999999999999999999999999999999999999999999999999 9.99 9.999999999999999999999999  9.99
84133068112 999999999991299959223811124 1212 32784 107 32784  11 1204341410120400200443621222222222999999999999999999999999999999999999999999999999999999999999999999999999999999999999999999999999999999999999999 9.99 9.999999999999999999999999  9.99
84134030214 9999999999911 6143222911313 2322 32784 115 32784  01 330213311023242110133361112222222201131100130013100012231100100112301042000100011200100100111001202110111110013012010012301 2 7 912 6 2 3 5 71411  .88 1.50521212 91111 8 4 54428   .80
84135028214 2 5 899999901 4219113411324 2111 121841005 12184  01 0303333142443334400435411111112222344443313432330332133402103003334442412432240323322133303334243333323333114343322410233141524201925161615242430 2.56 2.8181 6 6 6 41313 9142249 -1.35
84135054212 999999999991399919113411324 2111 121841005 12184  04 1492043020999999999991599999999999999999999999999999999999999999999999999999999999999999999999999999999999999999999999999999999999999999999999999 9.99 9.999999999999999999999999  9.99
84136132214 9999999999931 1146222911112 2412 32584 500 32584  07 033323210332341333334521111212222203300404402001003003040032040200401044331100030403102031021000003200000400031000034003030 1 7 911 725 4 713 619 1.22 2.7240 4 5121212 910163347  -.70
84139142264 317181299991121141114316116 5322 32684 200 32684  01 3403444144040349100444821122222222444444024004300324402242203000404242443420202304000042400042034404330342001143222340044042221102123151112211122 2.12 3.1560 6 910111811 5113645  -.45
84145032214 212 89999991113131113511214 1211 40784 212 40784  11 040003200000040020002171122222112200022000200002000000230000010000000031000003000300000000100000200000000200000000000002000 0 1 2 8 3 3 0 2 4 2 6  .35 2.0715 9 810 8 6 5 4 23517   .90
84146135112 999999999993299946112621111 2111 40784 212 40784  01 440001000001000000001 711222221111999999999999999999999999999999999999999999999999999999999999999999999999999999999999999999999999999999999999999 9.99 9.999914141115 0 1 0 154 2  2.60
84146151212 999999999991399959112621111 2111 40784 212 40784  01 4424344312344444204246211111111122134444114423333431314324444012343240444423122434121034334442144444333444113144414441343332029223122141625252827 2.90 3.0086 6 4 210162018152269 -2.35
84147340214 117999999990121119114611124 8322 331841146 33184  01 04044442449924444000452111112111210001204422232443241034404020040424424444020431330100000011130230331011110103130111301440418 8161516111414 81920 1.79 2.5662 9 7 71515 8 6 63835   .15
84148326214 1 29999999911 5144332611112 1122 414841210 41484  01 332123210032234110212351112222222202341100141023000012400323100124002242001340013901001100244001211001320100014124401013410 1152425 4 4 1 61323 6 1.37 2.2255 9 6 4 813 9 8 62736  -.45
84148167112 999999999990299959112511112 1122 414841200 41484  02 330214400021140040344371112222222201041110300020000010001110001001000000001001000100011000101000201102100000000100000010001 2 7 2 6 1 1 2 6 4 2 3  .40 1.292812161319 8 5 5 46022  1.90
84148167212 999999999991399999992511112 1122 414841215 41484  04 340324300914140330293391122222222202431003300010000000030200210030202033010003020420001000023320110300011200003030003002003 012 61412 8 1 410 017  .94 2.273710101010 910 7104036   .20
84153336214 311131699991117141113711216 2211 50484 830 50484  01 140124320033122110144381111211121201420410010210003002200000010022001042010000011201001210121030100010011300002010101012204 3 6 711 316 2 2 7 9 7  .82 1.7442 810 612 911 7153642  -.30
84160331214 2 7 999999911 9119223312124 2211 51284 810 51284  05 040404402203340010044391111221222201102404300100001002014200040000002032013000000201000001000000010300011400001100024004000 7 5 1 6 718 1 710 0 5  .75 2.163116141512 8 3 0135724  1.65
84161032214 2 4129999991112119323011213 3221 53084 145 53084  01 140334234103342402204481121212122202303104420130021002200224400134304224020400022322203110331101301400321400002131214003221 21916141812 5 8191213 1.55 2.3459 8 71311141511153955  -.80
84169248214 220209999995124159114811516 5111 330841215 406841581 000340000040000000000112222222222201000000000000000000000000000000000000000000000000000000000000000000000000000000000000000 0 1 0 0 0 0 0 0 0 0 0  .02 1.00 215141513 3 1 0 157 5  2.60
84170356112 119999999993299945222511302 2112 608841103 60884  01 141232331132332210322421111121112112111101321011001001110221100013212022021110020310211130112101010311022200012110122003111 412 81210 6 5 3111014 1.07 1.5163 8 71010 810 8 93535   .00
84174135214 212159999991115142213811214 4211 61084 136 61084  01 110113101112331200204271111212222202121101000010000011210321100110002013001001020100011000202110112001110200011010003011101 014 4 8 6 7 0 7 5 6 4  .69 1.364512101012 7 8 4 94428   .80
84176346214 999999999991115232224311126 8391 606841210 60684  01 4303334334343433333245811112112222241440004030404400000404044000422040440002000404300033444033000303030444000044400400040441031 12730 4 0 020 524 1.71 3.5343 3 3 311161515152061 -2.05
84178367214 999999999992399959112611302 8312 609841245 60984  21 130304400003040200004271211121222200011004400000000000000000090000000000000000000200000000000000000120000000000000000000000 2 0 0 3 1 0 0 4 4 0 1  .17 2.14 714191616 8 7 0 06515  2.50
84182350214 122999999991131119115211016 1311 62484 400 62484  01 2434044042043424424446011222222222143343213211220101203413122024404140330303041444103042333433013013333122100043422110343141427191817 61313181128 2.07 2.5672 91012 91412 7 84041  -.05
84183259222 999999999991399932113712214 1492 63084 330 63084  04 030414404404122422114471112222222200232340312000144330210000440003200033442320000332330000220302002400303300003000233033300 0 2 71225231611 91312 1.46 2.7747 81012121113 8134245  -.15
84183231221 999999999994499944113712214 1492 63085 420 63085  04 031223323003211220203352212222222201201200210000000030023200000023201011003100000200020000210100102100000100000000000012200 3 6 3 3 3 3 010 7 8 5  .57 1.703011121112 7 6 6 74626  1.00
84183335224 2 8 69999994111145993712314 1422 63084 416 63084  07 0303344313222422222445211111111221113334313421340131323433013221144221443221141113214144423111111114311144000010111141144141315121419221410162128 2.07 2.2482 91011 9131311163953  -.70
84184329214 2 4 59999995110144113311314 6511 70284 445 70284  01 049304404302040430044431111121222200410400403033000000330031000004410041000303000400000000302403332300330000002003200022402 1 61617 5 4 3 5121320 1.15 2.83361614171710 3 2 06415  2.45
84188333214 213 899999911 1319223911144 2121 70584 830 70584  07 042223221142133320132431111212222201323211132012210131321131211224201344133232012301111400023113201011331201012013212231311 2 7212013101216 82212 1.61 1.9175 6 9 9 910 9 2 53326   .35
84190328214 410 9 8 69911 1219222511223 2221 70585 830 70585  07 042434423124342443344641111212122113444424444032333243341212210231213143232311033413212230343110023311232402023022221013223 42019251819 916201825 2.17 2.4479 7 6 9 8131311173054 -1.20
84191322214 1 19999999911 2119113311113 6321 70584 830 70584  02 022323321232223224232471111111111200111201121011002000110121000012321012211100011200111120121112101100111200001010112312020 2 6 8 8 611 7 5 6 711  .87 1.355715111514111111155548   .35
84195034214 210 299999921 4232223311224 2121 704841028 70484  21 1322323323333322323445511112121212231212102113131221312201123211113210322112121211111013202211223112111111011332101110111121112 9121213 710101318 1.43 1.5781 9 5 9 914 7 7123240  -.40
84200125214 9999999999911 1144112911113 1411 71284 926 71284  96 022334221133242223314491112222222202231201133013011020330343210141012042110314021401001200143110303000131400003011104012323 1121621 815 1 8111618 1.43 2.1260 9 7 8 8 81212143246  -.70
84203353212 2 911999999169991911331111499391 61684 400 60684  01 24241440103213244030446111222222220133333031001100220014400010301440103303220002231110211422110102044021111004332002011444415 9101112 715 3141524 1.52 2.25601615141815 8 4 46331  1.60
84211338214 219179999991119119114011114 7222 71384 946 71384  11 0334194143243414410345319222222222333333333333333333333333333333333333333333333333333333333333334334434433333333333333333332524252524242425242428 3.06 3.0689 5 6 7 9171112132753 -1.30
84213045214 2 8109999992121132114611324 5111 724841150 72484  01 120202201000024220002191111212121200100300200000101000224311100110200132002110011200000000141000102000111100001013020002320 4 61210 6 5 0 4 6 7 7  .75 1.6740 811111013 8 5114037   .15
84220335214 2 6109999993111135113711215 4321 73084 330 73084  01 230123100010200000034201121121122200210100000000020000000010200210000000001000000100010010000000001000000000100002010001010 0 0 5 2 5 1 0 4 3 1 2  .26 1.28181213141912 5 9 35829  1.45
84222035234 315131199993116135113713114 4121 72784 300 72884  93 043444342444343124314611111212121223421310231332201000430334101131424242212234232301101233424113122313343101223131443013034142619271212 7 6151728 2.06 2.3877 2 6 4 3 81410101842 -1.20
84231138264 31714 3999921 529911261612399421 626849999 62684  04 030223122332020920944352111221122103002100302010000000032000100002300010012000000000000200000000000100200000000000000000000 2 4 2 1 3 1 1 2 3 4 9  .36 1.8817141614161010 3 56028  1.60
84233130211 999999999992699935112611102 2111 826841130 82684  01 030334332033343320303481121212999912133300222031102001100112220012332024400110010303003131213310001303211400311032132001211 517 8161621 0 0121114 1.35 1.9761 4 3 4 610 7 7161740 -1.15
84233158212 135999999991399959112611222 1112 826841130 82684  01 030224312013242220203361122222121112132103001010000000023100100020311011011000010200001010101001010001000200002120010001000 610 1 7 5 3 2 4 5 0 9  .58 1.443610101010 8 9 4 94030   .50
84236058219 99999999999939919911331111499421 71885 645 72085 614 2201022000011000000211212222222222999999999999999999999999999999999999999999999999999999999999999999999999999999999999999999999999999999999999999 9.99 9.999999999999999999999999  9.99
84236031214 2 9119999991111119223311114 1411 71884 645 72084 604 220102101009310100041171192999299910111200001100000000000000100000000011000000000100000000010000000000000100010000001000000 2 1 2 3 3 4 0 0 0 1 1  .19 1.061620182020 6 5 3 57819  2.95
84237037214 213149999992117119113711113 2411 806841056 80684  04 0323333013224412222445411122222222002322202420040000034302312024334442440433203024304442304432044044034220000443242300243041015251918 21617192624 2.15 3.0862101210121612 8 64442   .10
84238029214 2 8 899999911 9119212811113 2421 806841050 80684  0499321134022343343342045111122222222334433433323433433244333313224301231443443002343403012333212132242324324200443333330234232224242225192117192120 2.63 2.8981 6 4 5 51615 8162055 -1.75
84239222211 999999999993499945112911313 1111 819841200 81984  14 022312202231122321024371112222121121233301112013023012234212220223332114332111211322112032122121312131121301102210002012333181112131520 512121221 1.70 1.947812 8121114 8 4134339   .20
84239127214 9999999999911 4132112911313 1111 819841200 81984  24 020213101132421224122361112222222202120110111010110011113201100110212011011100111100101010111101001001111100001011100002410 511 5 9 5 2 4 3 7 7 7  .73 1.205410 9 81010 7 4 23723   .70
84240340214 2 8 599999921 8112113711314 1222 90984 530 90984  01 230112120032230100222271221221122101011100000011000011100101001010101001010100010100001100211000110001100000000010000009100 0 9 3 4 2 1 2 2 5 3 1  .36 1.0331101410 8 5 2 0 242 9  1.65
84241035214 2111599999921 6344113211124 4111 727841130 72784  06 1404144344342443442446411122222222123424204402140140324403444102244434444444142404444141403013402143000434030044340040344441319192121291018212231 2.52 3.2070 2 510 8151916202570 -2.25
84242322214 9999999999901 1131222711121 8311 723841230 72384  01 241434401031204030103422111122222202424411444014114011340440310401421344042004010400040042104110100112040400044210004044401 71315191318 517 91626 1.78 2.7258 0 0 2 01213 419 248 -2.30
84243329214 1 19999999911 7119113411114 5112 82184 733 82184  01 140234221223441421213471121221222203344200001012100022230112200223112142011110011421001320323200313201112200112034204001421 115151811 9 1 7 91714 1.31 1.9261 3 4 6 8121310 82143 -1.10
84252149234 99999999999139992911281391299991 911841130 91184  09 1424244244243324243446311111212222343433424224421424343334344122332242433322124423423232324243222324443442321233413332123232532182728182316221824 2.82 2.828910101114121310 94544   .05
84253322214 9999999999911 2142322711112 2112 917841030 91784  01 142324422223241221244521112222222201222211211211012033212222101113102132211111122311121110221201302121213201022223122013421 91315131411 513111611 1.47 1.6878 7 9 7 712 9 9133043  -.65
84258346244 999999999991119244114211214 8112 80484 430 80484  21 120222120032332220221331211221222201210101011003001011110001000000101021010102011100000100110000001000100000010010001000003 0 5 8 5 1 3 1 2 2 5 8  .45 1.213312111112 8 9 8 74632   .70
84300037214 212109999995112119113711214 4121 82484 300 82484  13 110140000002314110400211211111121103020203010011000013110111100131302000001111010000001000011000201000000100011010000010210 0 9 3 4 1 3 0 9 8 8 7  .58 1.413715151415 0 1 2 559 8  2.55
84300372212 199999999992399932113711214 4199 82484 300 82484  14 140203201002020010043241121221192100011000200010000000000000000000101011000000000200001000100000010100000100000000000000000 0 3 0 4 2 1 0 0 4 0 2  .18 1.141413141314 8 6 5 65425  1.45
84308023264 1 49999999911 6129222316111 2421 12085 855 126851397 0314344231333434342446119122222222334444333322342322324434333344444233444433333344423233444343244044233444213044444342231442327282928252422212233 3.17 3.2487 2 2 5 4181917201374 -3.05
85005238214 210159999991115133233711114 1312 92084 700 92084  211221222222022222120202321211212222202121200221031011001110101101011101021000110011210001121121121100100110100011010000001111 110 6 9 6 6 2 2 7 8 9  .74 1.225410101010 8 9 7 84032   .40
85007352234 318161699990124242115611125 8413 92984 150 92984  13 034403202002124001004322112222222210321210101000001000110010001100303003000000000100030000330001301011100100010003001100900 2 711 3 4 5 4 7 1 6 5  .62 1.673320141620 9 8 8 87033  1.85
85009043214 318171399993118135114411114 23131002841235100284  01 331112110001220000002179991222122101120200000200001000000000000110000010001100001100010000100000001000102100011011000001000 2 3 4 4 2 4 0 3 3 2 1  .31 1.172415151310 5 3 4 25314  1.95
85009064212 999999999990399959224411114 22121002841230100284  04 440004221002020300144291122222122111221112100100001111001011010110001011010102000100100001010102101201000100120110021221102 3 6 3 5 6 310 5 7 7 6  .69 1.24491012101110 4 4 74325   .90
85011152225 221289999990399931113212203 8121 90284 200 90284  24 920434311020020200044322112222112102021030400030010140000200301023302003020000000210403023000203200411001000202210010422004 611 0 413 018 813 315 1.02 2.2840 8 9111210 4 4 14019  1.05
85011131222 2 6 49999991499919223212203 8121 90284 200 90284  23 420344434323344442244631111121222202334430300020220140133430201242303033312323020430303330223413210302211100201113030233003 418131622 9141319 819 1.74 2.4663 5 6 8 815 9 6 92739  -.60
85018347214 120999999992128119225211216 65111020841155102084  01 0402342241143312213445011222222222233323000200320210001203102000302240230201121203100021312111011201221111100042310100010001022 91013 5 4 1 9 514 1.15 1.85551010101013 9 6 94037   .15
85026334214 6 5179999993110345214011325 2212102584 159102584  01 141331441013330320344461111111121203141203323034322022310331220031003042210104020411100000010210223200332300034431112002210 41713201315 2 7131415 1.49 2.25591011 114 910 3153637  -.05
85030331214 2 3 199999911 9132223111213 2112111084 230111384 801 240344331044493212443491112222222203140310241112021200210411200043013042110210031410011441313120001201242400034031114011112 321 9211115 4 2101915 1.46 2.06631010 6 91214 9173552  -.85
85038331234 311 4 1999911 7144113613225 1122110984 300110984  11 130323142042312330004401112222222200220210013001010120024111100000420440010000010000101400000100000100001000011100000020404 7 2 8 7 4 2 4 4 11015  .72 1.8834 4 4 3 0 2 4 0 011 6   .25
85050340224 2141499999911 6219213612125 1512120384 530120384  01 120324433232332120244491112222222201231100311033033001110100100011111143121223022320131220211100102300223303001001112023301 11012141510 310111213 1.25 1.8261 7 6 6 8131310122748 -1.05
85054346214 216159999994126145224811416 6321120884 600120884  01 540204423233430231444521111212111212341210201010222001110132200120002033002100000100201000332002121211121110043130010003200 313101610 5 6 412 8 7 1.06 1.8152 7 8 6 8131010102943  -.70
85056157112 999999999994299959112621302 8312121384 830121384  01 440394323023923222094391112222121101232300341010002002210002100022132031900013000302000000133000100300020300023010003000002 3 6 516 413 0 1 71114  .90 2.1138 6 8 7 8 912 7142942  -.65
85056154212 999999999994399945212621302 1312121384 815121384  01 442424300022330114394421222222121203241301210440302002200222011144104143211334231411014311221000112013231201034142132014424 9251222 913 2 7202216 1.76 2.2470 9 9 913 71413124046  -.30
85057332214 1 7999999991112119113312113 8911121484 318121484  01 331223211013122220003291112222222201122200010001001010111010100011001032010000011210101101111100101001110100012011100012100 2 6 710 7 4 2 3 4 7 3  .62 1.2046131210171211 5 65234   .90
85058263212 999999999991399919223411214 3411111684 300111684  03 4403142002291424201043612222222222122322002013301110221202220000221220020100021312000020020000002323320022000301100120130021315 5 8 8 7 1 514 811 1.07 1.90501212 913 6 6 2 84622  1.20
85060340214 49999999999912014999431191399592121784 406121784  21 190212100011321220292221222222222203232200100020010000210111100010112032000000021101001011111110210031000001001110010001100 613 5 9 8 4 0 3 5 3 4  .67 1.40431415 911 7 5 3 74922  1.35
85061039214 1179999999911 4244113911124 1112121884 630121884  01 1303242024132403214144511112122222444442404002444422222104114044424441441114114414414141414444144444444444411044411441332132332202632152416261222 2.79 2.9983 6 711101414 8173453  -.95
85065338214 214 99999995117135113811314 4312120684 300120684  11 021233301041444210443461221111121204330100100042011002410432200143004143000110031300203420323001103103110200003043100000300 0291617 6 4 3 21118 7 1.27 2.3548 9 8 6 8 9 7 2 73125   .30
85066324214 1 49999999911 5132112411112 8322122284 445122284 191 140340232204324420323471122222222203444423202024012010320340101432304243130000010430241240302203413320330400003222200003314 418191914111116101322 1.76 2.6659 1 2 2 2 714 413 738 -1.55
85073327234 2 6 199999911 1229222713322 1111122184 820122184  01 2433444332444432423446411112121212233344343421323332112214323223343232443433342234222222432232232233233434210142332342233201522212524242018172224 2.62 2.6887 0 6 4141718 6192460 -1.80
85081331214 310 6 1999991 3342112911123 1412102784 840102784  04 14144442004443422234453112122222221324431044034212311132332130034431403443032013233130434201334304000234240000414011000201012231220221911 4221614 1.97 2.656610 7 5 81415 6143049  -.95
85082336214 215129999991116144113711214 141311148499991119841093 343434431334434434304651211222121223344400100039012001243232100023303144000320011201013320232320131001132201032333230023424 81818191811 0 5161817 1.66 2.396210 9 8 61311 9 93342  -.45
85086031214 2 4 699999951 8135113311112 1112 12485 630 12485  11 190144002022440330403361221111222223210200011021011010100011100013323111000100000000001101110100011000101100021000000203300 711 7 3 5 4 2 1 712 5  .72 1.49431213121711 4 1 55421  1.65
85087051112 119999999991299944322621312 2122 12485 140 12685 574 140223211020320020204301222222222201021100100000100000000000010011101010000000000200000010011000001001010100010010101000000 0 4 1 9 1 4 0 0 2 3 2  .29 1.0824 711 611 4 8 3 63521   .70
85087049212 119999999991399949232621312 2122 12485 140 12685 574 190204433023141030104351222222222201021000321000000000030000000000301020000000010400000000101000000000000200000000001002000 0 4 0 9 1 3 2 0 5 2 7  .37 1.83181010 812 7 8 2 54022   .90
85107034214 1 19999999911 7133223511214 2212 21485 250 21485  02 000040100002202000300142222222111202001300000010000000000020000211002000000000000303001010000001200000000100001010000001000 0 6 2 3 1 7 1 4 3 1 2  .34 1.581912111818 4 5 2 55916  2.15
85125245223 227239999999399944112212112 1421122184 615122184  01 1322944043332323402034711122222222122222002124200200002421202000104320230210001104401010011111000104330131000000211100031001514 61118 3 3 1 8 414 1.09 1.9450 9101014 9 8 5 44326   .85
85188153212 227219999993299946212221101 2211 62084 905 626841374 032000000001000000001 71112222222200010000000000000000000000000002000000000000000100000000000000900000000000000000000000000 0 0 0 2 0 0 0 0 0 2 0  .04 1.33 310141511 3 1 0 050 4  2.30
85188154212 999999999993399945112221201 2111 62084 905 626841374 030202200002000220000152222222222200010100000000000000000000000000100010000000000100000000000000000000000000000000000000000 0 0 0 3 0 1 0 0 0 0 1  .06 1.00 515151515 0 1 0 060 1  2.95
85304132214 9999999999931 6149333011213 4112 12985 750 12985  11 130314410034242421203432222222222211332400331311401010111410140011202022100110011401000240104100112010140410004210104001100 811 722 619 1 5 71412 1.26 2.0455 1 9 5 5 713 7182045 -1.25
83160349212 114999999991399941112911112 9322 52883 345 52883  03 140324310033242310234441121121111102323100200121100100120130000003111032130003110400102220003310000300130200034210001002303 5 8 816 8 6 5 0 61218 1.03 2.0046 610 712 910 3 63528   .35
84019128214 9999999999941 4144223611424 3112111383 300111383  13 131333232223343432343561112222222201310211321113010121220122111212301122311224032321111432222332203220333202104114212033313 61020151314 714121823 1.71 1.9777 6 5 6 61314 9122348 -1.25
85006338214 3 2 5 8999941 9135113911414 14221015841130101584  03 020202100101121220092191112222121210122200200000001000000000000000000021010000000100000000000010000000000000000000000000000 1 0 1 5 3 4 1 0 2 0 0  .19 1.421214151512 3 4 1 35611  2.25
84078336214 114999999991115134323613911 2991 10684 300 10684  8999402343222344423203445511111222222143422212411334211113104112011401140441124111413201130214442111222242322002044434310024211131172719 8 7 7201415 1.98 2.2678 6 9 8151513 9103847  -.45
 1041120114 114 44112411141329113021444 21119999999999 204443431 0242111311929999999999999999999999999999999999999999999999999999999999999999999999999999999999999999999999999999999999999999999999999999999999999 9.99 9.999999999999999999999999  9.99
